0 0.03510041534900665
100 13.938149220775813
200 12.05555625280249
300 12.188744017737918
400 11.39160966212512
500 9.334919412824092
600 10.403897497046273
700 9.848021685727872
800 10.229745891818311
900 10.686479914467782
1000 10.339799630222842
1100 9.826968142035184
1200 9.643175093340687
1300 10.755034843692556
1400 11.379559695138596
1500 10.238267064327374
1600 9.810959310969338
1700 7.185647782389424
1800 9.351669204654172
1900 9.529565829085186
2000 9.725823164801113
2100 10.257019183365628
2200 11.01323223701911
2300 10.773071906063706
2400 10.724165853287559
2500 9.646705301711336
2600 9.571760816965252
2700 8.59221280174097
2800 9.779807166021783
2900 8.035602770221885
3000 10.088377577551
3100 10.951747824554332
3200 9.061575003783219
3300 9.285531703499146
3400 9.567606256401632
3500 8.4775151736103
3600 9.322654923831578
3700 9.233785426215036
3800 7.616765632061288
3900 8.114547340170247
4000 8.510352563112974
4100 9.570858625753317
4200 9.368310961290263
4300 7.237471332075074
4400 8.306576029281132
4500 8.331556246441323
4600 9.166942140785977
4700 9.280741206777748
4800 9.291498818434775
4900 8.743821956042666
5000 9.011167560121976
5100 8.678082565427758
5200 9.462808205920737
5300 7.839173297106754
5400 9.006171341519803
5500 9.128242861886974
5600 8.2085240916349
5700 6.5023029275471345
5800 9.484075489919633
5900 7.944392004512338
6000 7.723506008274853
6100 7.636957705763052
6200 7.7455977030913346
6300 8.266690919583198
6400 8.900182775920257
6500 8.233999203890562
6600 8.934756175844086
6700 7.745180713951413
6800 8.279677329352126
6900 8.746624284991412
7000 7.866130996961147
7100 7.227297464152798
7200 8.505926914192969
7300 8.359067155863158
7400 7.967610589592368
7500 7.361081722105155
7600 8.888072430971079
7700 9.621164064155892
7800 6.373454588981986
7900 8.309449417865835
8000 6.980112393619493
8100 8.346934553293977
8200 8.809915217963862
8300 7.99641122794128
8400 8.611776944366284
8500 7.132793171171215
8600 8.061604409478605
8700 8.863256336786435
8800 6.672428484191187
8900 7.983240935835056
9000 9.360652229050174
9100 7.754853364545852
9200 9.501321842195466
9300 7.063849347119685
9400 7.565237070142757
9500 6.980979876592755
9600 8.36361906080856
9700 7.546917852101615
9800 8.252483448013663
9900 7.541345186415128
10000 8.563649634597823
10100 8.261277536395937
10200 7.988852275302634
10300 7.405934190377593
10400 9.16759012104012
10500 8.135109852068126
10600 8.160582526703365
10700 7.63205624523107
10800 7.469320806325413
10900 8.684617355960654
11000 7.959615879943158
11100 8.202933890192071
11200 8.320818268326548
11300 6.880729412077926
11400 9.748408033512533
11500 7.429899671416933
11600 8.140152499719989
11700 7.269899457111023
11800 8.656519366544671
11900 7.265953322174028
12000 8.681135076491046
12100 7.4715183062362485
12200 7.64375100354664
12300 8.255840452795383
12400 8.706661816686392
12500 7.278463197289966
12600 7.227601157850586
12700 7.653263666317798
12800 7.30487365135923
12900 8.148909617913887
13000 7.28516324578959
13100 7.608614617493004
13200 6.860503199590312
13300 7.343209968879819
13400 7.12803094717674
13500 8.884569836780429
13600 8.353116278012749
13700 8.931960094399983
13800 6.989386828994611
13900 6.419459961573011
14000 7.193403914803639
14100 8.08953226893209
14200 7.707097959937528
14300 8.27772251504939
14400 7.086075305822305
14500 8.910291850334033
14600 7.022224868269404
14700 6.757363753393292
14800 6.731947203632444
14900 7.035378986158321
15000 8.307923152809963
15100 8.173069340875372
15200 7.912481983690668
15300 7.128333117667353
15400 9.31765869492665
15500 7.002663940886123
15600 7.202959224814549
15700 7.239910533186048
15800 7.470036975690164
15900 8.760859559464734
16000 7.715396042971406
16100 8.943134383732286
16200 8.117512502707541
16300 6.997646849602461
16400 8.204932499793358
16500 7.817438747733831
16600 7.749099674168974
16700 7.537212877068669
16800 7.508701826445758
16900 8.028545249952003
17000 7.570486250333488
17100 6.522903369972482
17200 7.563890487581375
17300 8.070665963939973
17400 8.201812557410449
17500 7.31966765364632
17600 7.962099436437711
17700 8.690120252082124
17800 7.3921219848089095
17900 8.754648783477023
18000 7.055308766080998
18100 7.151190993914497
18200 7.105189401074313
18300 7.36273773497669
18400 7.578796264599077
18500 9.046898820379283
18600 7.671266236376141
18700 7.722689649730455
18800 7.005468584247865
18900 6.924441567854956
19000 8.74180068145506
19100 6.416315556096379
19200 6.89833323401399
19300 7.870551249827258
19400 7.599164267885499
19500 7.665422316058539
19600 7.807321840198711
19700 7.62950529740192
19800 7.35807477432536
19900 7.251870076113846
20000 7.591745062731206
20100 6.539084556046873
20200 7.087619297904894
20300 8.125194494845346
20400 7.682631206000224
20500 7.668914849637076
20600 7.396241096284939
20700 7.003762952517718
20800 6.748812056408497
20900 6.910999905550852
21000 7.725035102739639
21100 8.119310075067915
21200 7.366756555507891
21300 8.05943211459089
21400 7.752149622887373
21500 7.288671611371683
21600 6.833611883805133
21700 7.713653093902394
21800 7.256468520849012
21900 7.24291282032209
22000 7.651399062047858
22100 8.025914527708665
22200 8.008439301745966
22300 6.724380419123918
22400 7.522817518794909
22500 8.026532903546467
22600 6.488133421778912
22700 7.086874025408179
22800 5.541794408287387
22900 7.775300414723461
23000 7.389726243447512
23100 7.536273813428124
23200 6.452977227861993
23300 7.739875690545887
23400 7.825809644411493
23500 8.904079913161695
23600 6.575859501259401
23700 8.096200260595651
23800 8.393521260120906
23900 8.41512484982377
24000 7.389603226853069
24100 6.5884009191759105
24200 6.981994068017229
24300 7.5450371713377535
24400 6.5995499471900985
24500 7.332982303574681
24600 6.9769727741368115
24700 6.9472553548257565
24800 7.256866463561892
24900 7.456768147763796
25000 7.39410907344427
25100 7.645356483466458
25200 7.561321825021878
25300 6.986208309419453
25400 7.804582855431363
25500 7.379538616165519
25600 7.810183562338352
25700 6.797282450948842
25800 5.887076215643901
25900 7.3337905132211745
26000 7.531193718168652
26100 7.53320625575725
26200 7.64428842253983
26300 7.717101658490719
26400 7.526642618235201
26500 6.580752128502354
26600 7.387420775514329
26700 6.474724537809379
26800 7.178264160291292
26900 7.133513923443388
27000 8.73111226389301
27100 7.921962099324446
27200 7.674986415322564
27300 7.055324804503471
27400 7.507565746121799
27500 7.882899634423666
27600 7.121188504097518
27700 8.369655509362929
27800 7.944460966333281
27900 7.332751297508366
28000 6.496753224433633
28100 8.620671876284177
28200 6.072252628626302
28300 7.4166572915855795
28400 7.259281643375289
28500 7.305530850426294
28600 6.932259906316176
28700 7.338109454954974
28800 7.882260336307809
28900 7.121725485485513
29000 7.7198271478991956
29100 7.636961122334469
29200 6.794940898369532
29300 6.500556898070499
29400 7.162970590157784
29500 6.448984515329357
29600 7.771085016196594
29700 7.448079742141999
29800 7.260354904399719
29900 6.8705591523321345
30000 6.52030281315092
30100 7.08795380522497
30200 6.617611565248808
30300 7.758414990923484
30400 7.25053411826957
30500 8.026122736860998
30600 7.099509226158261
30700 6.086935323663056
30800 6.802220932731871
30900 7.955627820978407
31000 6.998276389902458
31100 7.129384089319501
31200 5.825590278767777
31300 7.650524535041768
31400 7.281030403828481
31500 6.885379215120338
31600 6.5703190442873165
31700 7.287974470818881
31800 6.917039223393658
31900 6.701674327268847
32000 6.513499190681614
32100 6.557010245975107
32200 6.315478832577355
32300 6.808935081178788
32400 6.818675840739161
32500 7.240830225549871
32600 6.367205829010345
32700 7.093742520519299
32800 7.02855488062778
32900 7.435518339974806
33000 6.686153664135418
33100 7.019173635286279
33200 6.79902349186159
33300 7.002575828024419
33400 7.238951328909025
33500 7.79949497373309
33600 8.07369568478316
33700 7.067135832039639
33800 6.427255961461924
33900 7.1304685511568096
34000 7.05014849541476
34100 6.488626987207681
34200 5.890930954599753
34300 6.908011220497428
34400 6.5147607460967265
34500 6.9430036242702045
34600 6.781177997472696
34700 6.484322031712509
34800 8.071470119553851
34900 7.611109463963658
35000 6.539863258600235
35100 7.573293741676025
35200 7.060497846920043
35300 6.315760303696152
35400 6.51319513580529
35500 7.031126118381508
35600 6.691652119392529
35700 7.002924200613052
35800 7.095608795090811
35900 6.622837562114
36000 7.546257484762464
36100 6.8198722174274735
36200 7.3299383907578886
36300 6.512947445269674
36400 6.366250934544951
36500 6.867451498517767
36600 7.598820499726571
36700 7.442335229337914
36800 6.356466278059088
36900 6.8458500588312745
37000 6.804644674877636
37100 7.087540045729838
37200 7.25173051978345
37300 6.070286562899128
37400 6.313843371404801
37500 6.583936325623654
37600 7.324311503340141
37700 7.487992303562351
37800 6.374252560490277
37900 6.684966568573145
38000 6.874864057521336
38100 6.767819590109866
38200 6.4417108133784495
38300 6.954098656540737
38400 5.7561680738581344
38500 6.516572906984948
38600 7.425298272399232
38700 6.450666350545362
38800 6.908974372869125
38900 7.036341813625768
39000 6.46575635438785
39100 6.897352253086865
39200 6.619372655870393
39300 5.906994079356082
39400 6.07008249690989
39500 6.739212871994823
39600 6.518570085405372
39700 6.998569155810401
39800 6.113841197220609
39900 6.675464062485844
40000 6.007762497552903
40100 6.3350225845351815
40200 6.945095316419611
40300 6.049321947502904
40400 5.656481272511883
40500 7.544030539604137
40600 7.502572427652922
40700 7.443465055432171
40800 7.510312424215954
40900 7.404072356439428
41000 5.570038408004621
41100 6.119860295322724
41200 6.315062271532952
41300 7.330740553850774
41400 6.1431286262813956
41500 6.725462900241837
41600 5.48997384487302
41700 6.508239565824624
41800 6.290732333014603
41900 6.937348135281354
42000 6.583119681519747
42100 6.380912732332945
42200 6.930442967626732
42300 6.313170764158713
42400 6.2164273608941585
42500 7.0847606546012685
42600 7.012743255356327
42700 6.9008057197061135
42800 6.344772803306114
42900 5.555550946344738
43000 5.533854506415082
43100 7.31211315758992
43200 6.635574568354059
43300 7.751577194198035
43400 6.566581189865246
43500 5.782160745089641
43600 6.312505234032869
43700 5.102227934374241
43800 5.651029511354864
43900 5.507625733007444
44000 6.867456405656412
44100 6.155186765594408
44200 5.410528134787455
44300 5.883443236351013
44400 6.176200498244725
44500 5.9655447456170805
44600 6.060103812371381
44700 6.7213280951255
44800 7.609520806930959
44900 5.681472984106222
45000 5.982180853607133
45100 5.904915030812845
45200 6.4708673536079
45300 7.021941410377622
45400 6.887494023074396
45500 7.977781158755533
45600 6.42025594972074
45700 6.083817480830476
45800 6.237374941643793
45900 7.35129405267071
46000 7.547562917228788
46100 6.292648026764027
46200 5.8910654478249
46300 6.101320712594315
46400 5.931387773802271
46500 7.342885935679078
46600 6.291344788041897
46700 6.562279881560244
46800 6.669401589548215
46900 6.328346491209231
47000 6.389875478926115
47100 6.071047076547984
47200 6.729168150341138
47300 6.515426858008141
47400 6.75929645987344
47500 5.81323146331124
47600 6.720258129425929
47700 5.509659663075581
47800 6.343740039272234
47900 5.6885392921976745
48000 6.218981070211157
48100 5.8932286507915705
48200 5.9635339412488975
48300 6.036949058005121
48400 6.306632732506841
48500 6.834139017970301
48600 6.347090722178109
48700 5.50133070256561
48800 6.653278462792514
48900 6.548794300091686
49000 6.233206291421084
49100 6.431866047903895
49200 4.968625588357099
49300 5.251011126441881
49400 7.290780470997561
49500 6.728739894111641
49600 5.948926153068896
49700 5.652764221391408
49800 6.074749093735591
49900 6.467816975491587
50000 6.711280104296748
50100 6.031239134703355
50200 5.093308757757768
50300 6.29077255591983
50400 5.57318332628347
50500 5.944731091149151
50600 5.175250998232514
50700 5.764359892520588
50800 5.7483262273308355
50900 5.67046353186015
51000 5.632083146541845
51100 5.819487743181526
51200 6.062314676353708
51300 4.946117822124506
51400 5.673610675614327
51500 6.118933235030681
51600 5.698617878835648
51700 6.363833572020667
51800 5.618278261739761
51900 5.212566837610211
52000 5.10977975253445
52100 5.607910845661536
52200 5.072328649926931
52300 5.718023633409757
52400 5.964460529969074
52500 5.959134243952576
52600 5.731604506028816
52700 5.946760334772989
52800 6.17687438550638
52900 5.7519254725229985
53000 5.6364268376200926
53100 5.742792569217272
53200 5.613634038600139
53300 6.374098277883604
53400 5.801087906074827
53500 6.203991266724188
53600 5.596854493313003
53700 4.966577619488817
53800 4.502720263946685
53900 5.100760943256319
54000 5.510572238999885
54100 6.0253729921532795
54200 6.358313397795428
54300 5.3507939452829305
54400 5.872206339961849
54500 4.777367017115466
54600 5.261565505788894
54700 6.104882585583255
54800 4.919355578836985
54900 5.586678685889638
55000 5.391050766542321
55100 6.972138043842278
55200 5.433128947130172
55300 5.787791210459545
55400 6.340071968676057
55500 6.15654517558869
55600 4.628969238779973
55700 6.156667297007516
55800 5.894376005511731
55900 5.425387211202178
56000 6.410188654757803
56100 5.789871611632407
56200 5.435684676383971
56300 5.442232706118375
56400 4.973962102965743
56500 5.189843772968743
56600 4.792298098196625
56700 5.1913470680010505
56800 5.647078380665334
56900 6.17958360328339
57000 5.51403430569917
57100 5.752414338872768
57200 5.538213397434447
57300 5.2921864102827385
57400 5.469881958211772
57500 4.813358238883666
57600 5.602037180564366
57700 5.47794552493724
57800 5.614603435678873
57900 5.198333618427569
58000 5.13236541277729
58100 4.9790135328657925
58200 4.343937439873116
58300 5.086929791781586
58400 5.3145093274833926
58500 5.174283461878076
58600 4.966668452063459
58700 4.878889013634762
58800 5.119123688840773
58900 6.407498687985935
59000 5.17683901527198
59100 4.688309283112176
59200 5.534347381850239
59300 5.705630681361072
59400 4.578643077133165
59500 4.689764010021463
59600 5.578443561178574
59700 5.815581922070123
59800 5.5769088327360805
59900 4.48329319118784
60000 5.309414933347398
60100 5.500974370108452
60200 4.902383605251089
60300 5.096121328591835
60400 5.716734644373446
60500 5.3105937875807285
60600 5.487114542484051
60700 4.9101983842556365
60800 5.294515610410599
60900 5.228601697133854
61000 5.340981794040999
61100 4.317750860704109
61200 4.269164594355971
61300 4.850143829826266
61400 4.8109939330024645
61500 4.842905567144044
61600 4.624259493080899
61700 5.158024839358404
61800 5.071253264177358
61900 4.918914241483435
62000 4.614849768433487
62100 5.425386132719723
62200 4.958844494409277
62300 5.133330121985637
62400 4.8786370024317876
62500 5.205923175672069
62600 4.410566263783039
62700 5.327044138422934
62800 3.973731445381418
62900 4.7809645247180015
63000 4.970991276339191
63100 4.478534082882106
63200 4.303857543680351
63300 5.441049206681782
63400 4.518854818714317
63500 5.791660923103336
63600 4.782083523576148
63700 4.394544057853636
63800 4.183838759723585
63900 4.710825915681198
64000 5.044525565463118
64100 4.821581151947612
64200 4.365662429487202
64300 3.5927766642998904
64400 4.84121737757232
64500 4.932317235361552
64600 4.308160315500572
64700 4.791174947808031
64800 4.5635713677620515
64900 5.521220519178314
65000 4.892277725739405
65100 4.135022622678662
65200 4.169300629582722
65300 5.446721140280715
65400 4.545185410417616
65500 4.336601266331854
65600 5.269274180289358
65700 4.773478825867642
65800 4.96526095806621
65900 4.387891654740088
66000 5.1882873106224
66100 4.322723129356746
66200 4.4692044905386865
66300 5.32470912556164
66400 4.802118512277957
66500 4.150494714704109
66600 5.071510958136059
66700 4.589282117318362
66800 4.0691641874345805
66900 4.713915168540552
67000 3.7537091670092195
67100 4.811733841896057
67200 4.251326261437498
67300 4.209414039214607
67400 4.174512256693561
67500 4.577816945704399
67600 4.154895880521508
67700 3.8997945762239397
67800 3.481559804509743
67900 5.588679166336078
68000 5.209467584849335
68100 4.240822509149439
68200 4.249491792405024
68300 5.028282996703638
68400 4.255650586630509
68500 4.338218215285451
68600 3.8806197180529125
68700 4.19586507830536
68800 3.57227742950181
68900 3.873501477239188
69000 4.655245522939367
69100 4.183708751908853
69200 3.6908717596670613
69300 5.377680902340217
69400 4.639103366571362
69500 4.7372594199259765
69600 4.32010779590928
69700 4.088373021033476
69800 4.163997578638373
69900 4.432434170212218
70000 4.782137846807018
70100 4.1821618784779275
70200 4.165126015446731
70300 4.183025307245771
70400 3.727643970050849
70500 4.068539851519745
70600 4.494323275634088
70700 4.453329322568607
70800 3.4037568469066173
70900 4.086258005758282
71000 3.3731154344859533
71100 4.654533648892539
71200 4.381038542371243
71300 4.282018329889979
71400 4.4042977249773685
71500 4.32293888903223
71600 4.121648831292987
71700 4.98297132391599
71800 4.425743046216667
71900 4.042427046573721
72000 4.1738815374556
72100 4.528059989359463
72200 4.536381302459631
72300 3.822056259290548
72400 4.498700747324619
72500 4.606930144247599
72600 2.925246164086275
72700 3.9002315834222827
72800 4.630738413077779
72900 3.866228072438389
73000 4.355696400758461
73100 4.475342393037863
73200 4.141708007955458
73300 3.36354011046933
73400 3.905099903822702
73500 3.6181069459416904
73600 4.18957035416679
73700 3.9041831937793177
73800 3.405695453455337
73900 4.49633170463494
74000 3.6071733550925273
74100 3.779171393136494
74200 4.183472435834119
74300 4.928240750567056
74400 3.4995870996644953
74500 4.0105556873604655
74600 3.6435827689711004
74700 3.7017173569765873
74800 4.025177981122397
74900 3.721289432302001
75000 3.737193562730681
75100 4.028375864760164
75200 4.002843304770067
75300 4.065701970659575
75400 4.1227938280499075
75500 3.9186615678481758
75600 4.995474354363978
75700 3.9953976940596476
75800 3.496348242420936
75900 3.3999000796466134
76000 4.164310098538408
76100 3.588256156886928
76200 3.5156593565479852
76300 3.4070676148403436
76400 3.4029173655144405
76500 4.2312812011423375
76600 3.7891459434176795
76700 3.567688549956074
76800 3.890990936997696
76900 3.433022680954309
77000 4.371518572013883
77100 4.310158399501233
77200 3.5250650078160106
77300 3.7811289051314816
77400 3.814024275052361
77500 3.090123199042864
77600 4.136192049976671
77700 3.5037339887639973
77800 3.72914707736345
77900 3.863583158581605
78000 3.4814961453375872
78100 3.343692491951515
78200 3.933252967748558
78300 3.0004401061232784
78400 3.631800243529142
78500 3.8532501922090887
78600 4.09209072496742
78700 3.009389690734679
78800 3.281871132203378
78900 3.418315503935446
79000 3.3978381573106162
79100 3.357072885206435
79200 3.2501224051811732
79300 3.326276327483356
79400 3.968576224462595
79500 4.02683024595899
79600 3.1693858036251186
79700 3.6456421301700175
79800 2.7822353469819063
79900 3.732445946399821
80000 4.334766214742558
80100 3.5129529103287496
80200 3.6850832263735356
80300 3.4105140568863135
80400 3.851989579590736
80500 3.15315594067215
80600 3.2619043743470684
80700 3.482667664226028
80800 3.8013751926064288
80900 3.275206676509697
81000 2.9295105912096915
81100 3.87927019505878
81200 3.8177679145592265
81300 3.3851276727946242
81400 2.9517729162726027
81500 3.572926670080051
81600 3.817181095801061
81700 3.714342518214835
81800 3.197033312648273
81900 4.439719314759714
82000 3.5028271926857997
82100 2.7657987006605254
82200 3.3035720897023566
82300 3.15615003091807
82400 3.7073093125072774
82500 3.119202169138589
82600 3.54403518763138
82700 2.940851503633894
82800 3.217316720809322
82900 3.554648465011269
83000 3.0843861043686047
83100 3.539511050854344
83200 3.453442192840157
83300 3.1443790348712355
83400 3.1661475236032857
83500 2.575352877713158
83600 3.643203150946647
83700 3.9417446529114386
83800 3.249516669398872
83900 3.768293032022484
84000 2.8808042465643666
84100 3.2965173338889144
84200 3.7768978147068992
84300 3.4445353310438804
84400 3.258156649360899
84500 3.266521559256944
84600 3.4942548879189417
84700 3.638713190332055
84800 3.6845052931748796
84900 3.1698194331329432
85000 3.998797258562263
85100 3.453164758742787
85200 3.9808064621756785
85300 3.1687341905853827
85400 3.6451147334946654
85500 3.1032193593564443
85600 3.52764170782757
85700 3.084393205383094
85800 3.370802394070779
85900 3.396162461111089
86000 2.989163374877535
86100 2.897734063633834
86200 3.2126231930451468
86300 3.0894095029798336
86400 3.0277338886962752
86500 3.166491687661619
86600 3.145641437789891
86700 2.675378823027131
86800 3.1464564126799814
86900 3.550535059941467
87000 3.640207267846563
87100 3.2725038828939432
87200 3.5012917419080622
87300 3.106167769175954
87400 3.111755980324233
87500 2.930410663742805
87600 3.7067339909699513
87700 3.2753695162246004
87800 3.7419647615315625
87900 3.316781458517653
88000 2.734577860945137
88100 2.890511708770646
88200 4.123664388374891
88300 3.0015531997851213
88400 2.8826533306128113
88500 3.4918033040012233
88600 3.067691525371629
88700 3.2091541658810456
88800 3.530792051285971
88900 3.1657757684588432
89000 3.3956921904318733
89100 3.136507129354868
89200 2.882283828959771
89300 2.9393512863171054
89400 3.5708269064780325
89500 3.5956122700154083
89600 3.5199028458155226
89700 2.9477526713744737
89800 3.1701945765817072
89900 2.7914290958069614
90000 4.048371279917774
90100 3.032170177961234
90200 2.692069984113914
90300 3.0164601121505257
90400 2.7096662964031566
90500 3.230336556174734
90600 3.0781985843204893
90700 2.9634200635482557
90800 3.630658650989062
90900 3.6368693958211225
91000 3.071068748340622
91100 3.661054514814168
91200 3.07538938842481
91300 3.130733409860113
91400 3.2255169748495973
91500 3.4373232187354006
91600 2.9411526022013277
91700 3.3577632190063014
91800 2.552847986582492
91900 3.5214622461054432
92000 3.5261835362762213
92100 2.584233706606028
92200 3.060783644003095
92300 2.8975335999712115
92400 2.9033800928737037
92500 3.6080676745041274
92600 2.9343543082359247
92700 3.1873869510809527
92800 3.322189568174508
92900 3.0099195953880553
93000 3.349351594602922
93100 3.3254626928719517
93200 2.9765807175426744
93300 2.5154482089419616
93400 3.0495891807076987
93500 3.55607474072076
93600 3.363603040779708
93700 3.1810766085691284
93800 3.4833240203442983
93900 2.9761638041964034
94000 3.5792098392848857
94100 3.263733722791585
94200 3.042129052511882
94300 3.1487589418538846
94400 2.7555574833531864
94500 3.253699531313032
94600 3.3045467751217075
94700 2.4900877724867314
94800 3.5884121878480073
94900 3.0195781880174764
95000 3.2199092897062656
95100 3.4254655600961996
95200 3.226383283865289
95300 2.8713637404725887
95400 3.3268492448842153
95500 2.4393517465359764
95600 2.1661505506417598
95700 3.1929700679320376
95800 2.769698480173247
95900 3.6667826416087337
96000 3.090759679202165
96100 2.9597327312803827
96200 3.381073395954445
96300 3.2815603625786025
96400 2.885101330350153
96500 2.51728359486151
96600 3.1116173155023716
96700 2.7288269897107966
96800 3.870553012828168
96900 2.6632249957692693
97000 2.5318899526319
97100 2.9544259574540774
97200 3.043291102978401
97300 2.969717511863564
97400 3.1207051726960344
97500 4.187213071912993
97600 4.176190676749684
97700 2.693249514879426
97800 3.081457774307637
97900 3.0148918401173432
98000 2.8379945613996824
98100 2.832730004680343
98200 3.2009366092679556
98300 3.149441760906484
98400 3.4121318624384003
98500 3.2691431655548513
98600 3.2171954664809164
98700 2.950078934918565
98800 3.1013142500887625
98900 2.5595843914343277
99000 3.0730983826797456
99100 2.962403570621973
99200 3.4489732365473174
99300 2.8236101766087813
99400 2.3193039296093048
99500 3.1805911181436386
99600 3.3198294330504723
99700 3.21654488198692
99800 3.0585287186549976
99900 3.0274801576742902
100000 2.9566864259541035
100100 3.3652243688120507
100200 3.372452145908028
100300 2.4329320221331727
100400 3.312273062823806
100500 2.621451398539648
100600 3.525549430079991
100700 3.371071376663167
100800 2.8539267126325285
100900 3.569165580556728
101000 3.4078554786974564
101100 3.426701652002521
101200 3.3325431843841216
101300 2.9123601607243472
101400 2.581862334278412
101500 2.209058138774708
101600 3.931576470771688
101700 2.7009400296519743
101800 3.338778860808816
101900 3.7585563278697975
102000 2.758683803360327
102100 3.342766168585513
102200 2.8918572125185165
102300 3.783927063923329
102400 2.870841738578747
102500 3.028802778106183
102600 3.673566377685347
102700 2.271077788347611
102800 2.456814283078188
102900 3.4789844273618655
103000 2.9346324306097813
103100 2.4917817486020795
103200 2.560434398263169
103300 2.861768703092821
103400 3.2276164113427512
103500 2.6049796053848695
103600 3.1715915577078704
103700 3.479798867396312
103800 2.786535143502988
103900 3.0400128613691777
104000 3.5525873657607008
104100 2.835060768731637
104200 3.390274765988579
104300 2.498369378457028
104400 2.5346855310926912
104500 3.598197019469808
104600 2.960739531132276
104700 2.1791086107841693
104800 2.327619762989343
104900 2.8694427066511707
105000 2.232345911106677
105100 2.84834237821633
105200 2.8757326117774937
105300 3.4173070369579364
105400 2.889411302836379
105500 3.119960027979687
105600 3.3448670387733728
105700 3.139771185324207
105800 2.590822376332653
105900 2.818587034853408
106000 3.952377804729622
106100 2.361024357331189
106200 2.3492639247724583
106300 2.695534766477067
106400 2.8125227706623264
106500 3.234381575981388
106600 3.041347204009071
106700 3.3792511540232226
106800 3.6992586773994844
106900 3.0649036333361437
107000 3.570220269868514
107100 2.4562578379991464
107200 2.6813447503373027
107300 3.159800401881512
107400 2.7442526676750276
107500 3.1464776679640636
107600 2.971709843362987
107700 2.6276035024493467
107800 3.352254949963026
107900 3.4855306438403204
108000 2.9821782098297263
108100 2.803262031520717
108200 2.893219806443085
108300 3.372406227281317
108400 2.717310615936185
108500 2.7410093623329885
108600 3.407299333019182
108700 3.223320129183776
108800 2.7802868229482556
108900 3.2821084879833506
109000 2.9093472078384366
109100 2.782046194675786
109200 3.346671000501374
109300 3.2975926152721513
109400 2.612819370435318
109500 3.62619497126434
109600 2.9120689188566757
109700 3.099281015856832
109800 3.091632284835214
109900 3.1687127463228535
110000 3.1547686704288935
110100 3.5478200220677536
110200 3.056298896932276
110300 2.7032259139341477
110400 2.904276002627739
110500 3.3186629949486814
110600 2.9545740647008643
110700 2.8381636350241024
110800 3.0447234124003444
110900 3.1314124844539037
111000 3.220030062337173
111100 3.001495146774687
111200 3.4331166158081032
111300 3.115699597161438
111400 3.185246947221458
111500 3.2819316640961915
111600 2.740844477171777
111700 3.247346444895811
111800 3.2709521349170245
111900 3.357870106185146
112000 3.4457992820243817
112100 3.0294354771212966
112200 3.2957116585748736
112300 3.0525726082269102
112400 2.935500957086333
112500 3.095202857031836
112600 2.947477166162571
112700 2.8444887229125015
112800 2.6721812897303607
112900 2.583788429677952
113000 3.0784938487631734
113100 2.897771175194066
113200 3.5433278639102355
113300 2.325161407410633
113400 3.4538386073254514
113500 2.6530460611311355
113600 2.7050850431087383
113700 3.808142697031144
113800 3.047681239899248
113900 3.571752210278646
114000 3.018818875607394
114100 2.712671998953738
114200 3.318707760568941
114300 3.2013871114068024
114400 3.208837978541851
114500 2.85089277257066
114600 3.3996332425269884
114700 2.9941123464413977
114800 3.5863982746959664
114900 2.7206441762973554
115000 3.569831883025472
115100 2.9983703757316107
115200 3.1710986713005695
115300 2.8509359479648992
115400 3.8560784135543145
115500 3.2482082545320736
115600 3.093272108353574
115700 3.22345394587137
115800 2.83695900211751
115900 3.256473347224528
116000 3.02536347557907
116100 2.883413485105848
116200 2.3640620157239027
116300 3.5289957488143955
116400 2.785572364628024
116500 2.7919132815259218
116600 2.674250549694989
116700 2.9247784860199317
116800 3.1921549652470276
116900 3.0498875296325423
117000 2.9879498932277784
117100 3.437897956056986
117200 3.6809488281141967
117300 3.312179465428926
117400 2.801115983638738
117500 3.5993238007104082
117600 2.8885680001149012
117700 3.4179771376325334
117800 2.5636242335313
117900 2.7845642594547826
118000 2.727570727991406
118100 3.317852825537557
118200 3.2582122173771495
118300 3.2225848868256435
118400 3.3678138977556955
118500 3.326956046075793
118600 3.3666885671045748
118700 2.5750845136062708
118800 3.0890921883983538
118900 2.888074771683023
119000 3.037686825982746
119100 3.183970318044885
119200 3.106440141073108
119300 2.7512423166190274
119400 2.914018477604259
119500 2.916417594278755
119600 3.3245815580303315
119700 2.6565341980895028
119800 3.627753161228611
119900 3.0927737816382432
120000 3.402645129506709
120100 2.809643495711498
120200 3.5178734336805064
120300 3.45229962101439
120400 2.712042269635276
120500 3.1836730041868577
120600 3.5916729963209946
120700 2.822371779489913
120800 2.923093175224494
120900 2.9840081236616243
121000 3.35682183643803
121100 3.49576387914567
121200 2.727467321394215
121300 3.0706598249234958
121400 3.272423272850574
121500 3.5127743847551756
121600 3.3099154523806646
121700 3.3587021717394236
121800 3.4703234597400296
121900 2.908046698066755
122000 2.8199207399156876
122100 2.9436158023163443
122200 3.190834580513183
122300 4.066107104765251
122400 2.645999056578148
122500 3.355858299528336
122600 3.142219946894329
122700 3.2625990221713437
122800 2.8698898918373743
122900 4.148828794735891
123000 2.919584799441509
123100 3.3947834434875404
123200 3.6865744610258844
123300 2.8453777289541904
123400 3.3334365604969207
123500 3.2477009904105216
123600 3.4035972330966615
123700 2.9837413547065808
123800 3.3604695906760753
123900 3.1300564548000693
124000 2.8462542608904187
124100 3.292674284981331
124200 2.688829901839199
124300 2.866977120662341
124400 3.845185253303498
124500 3.0280504487163853
124600 3.513150072791177
124700 3.2608937463373877
124800 2.9523398690653266
124900 2.943472816812573
125000 2.8085980140022
125100 2.9021214329404756
125200 2.9806838180229533
125300 2.368722344894195
125400 4.029657756575034
125500 2.806392126076389
125600 3.0103685266899447
125700 3.0704960870789364
125800 3.268339033063967
125900 2.9824726465449203
126000 3.004322580905864
126100 3.3914035540510667
126200 2.9903955133777345
126300 3.3028764712435077
126400 3.074488354497589
126500 3.5161082762060687
126600 2.371854907993111
126700 3.3035227679356467
126800 3.1545798158913385
126900 3.0850078066578135
127000 3.0523040461703204
127100 3.266411332453572
127200 3.5589226920274086
127300 2.9991597162006656
127400 2.702691422193311
127500 3.208839254943996
127600 2.790247467797599
127700 3.3055342467559967
127800 3.1313043335976545
127900 3.0874286748039594
128000 2.611627707607113
128100 2.461345584015362
128200 3.0043380061833886
128300 2.6475341132027097
128400 3.57389763314859
128500 3.4332804447913077
128600 4.457230155585421
128700 3.2464650556939887
128800 3.3716450400534086
128900 2.935876900479343
129000 2.6401448691212863
129100 2.9146857139967324
129200 3.558880601194687
129300 3.4217959991656244
129400 2.971497955050836
129500 2.9516582723736065
129600 2.699375805153977
129700 3.1491305314120837
129800 2.680513030294833
129900 3.0749176949975663
130000 2.81774068181403
130100 3.3226711230236106
130200 3.5555239021778107
130300 2.697106226813048
130400 3.0801494732149877
130500 3.0259641314914916
130600 2.599170825589681
130700 3.3590853983769193
130800 3.371226738920086
130900 3.577842094557127
131000 3.1837881389510585
131100 2.2692614490188134
131200 3.3325240365811624
131300 2.9487408887944184
131400 3.093003964611853
131500 2.8417745741085128
131600 3.2313763970232685
131700 3.8187615845818073
131800 2.779555394590716
131900 2.696069726749556
132000 3.326461639982881
132100 3.249938266526442
132200 3.705742830377858
132300 3.777101222105557
132400 3.3836235414491966
132500 2.7956888205371797
132600 3.241332963711102
132700 2.7482121869688854
132800 3.1987391541188117
132900 2.6782285267254338
133000 2.800891367449367
133100 2.784978104959009
133200 3.143033309170278
133300 3.7384414533371455
133400 3.298575891763903
133500 3.3221844637591857
133600 3.3024446211129543
133700 4.354063110811865
133800 3.941366523184115
133900 3.1826110572437756
134000 2.9972344954148866
134100 3.703417475830065
134200 2.8467356259570806
134300 3.7776667493162677
134400 2.791454779013293
134500 2.706267703761114
134600 3.6082558542257175
134700 3.1097021012101322
134800 2.9329135686857626
134900 2.9011711158455
135000 3.5106537046813173
135100 3.029878282744903
135200 4.056944584328448
135300 3.1511998024070635
135400 3.1114158858545125
135500 3.404954216151964
135600 4.128760695894016
135700 3.501957904227311
135800 3.5220866976305842
135900 3.6781406837399118
136000 3.0561790204737918
136100 3.060543172119651
136200 2.8761026582942577
136300 2.8191407422782504
136400 3.2546235157860792
136500 3.481872284071869
136600 2.5693559764804377
136700 3.3981336050783284
136800 3.0465241783040256
136900 3.248601572413463
137000 2.932544501272787
137100 3.4319118679559324
137200 2.676064501349174
137300 3.2185710462435964
137400 2.4377310888667125
137500 3.2066499102511443
137600 3.245282926272921
137700 2.920017098134849
137800 3.25934743257676
137900 2.9137857878231443
138000 3.282431823463412
138100 3.5194032001309097
138200 3.001985135371797
138300 3.3038122506004584
138400 3.500211817707168
138500 2.8596480533014983
138600 3.018444059569447
138700 2.690113961478346
138800 3.5827920220326632
138900 2.7453122524675564
139000 2.973172291247465
139100 3.0306394639483187
139200 2.881458969868163
139300 2.8575975578278303
139400 3.5536094860872254
139500 3.3514986856025644
139600 3.3233481764182216
139700 3.2154942651104648
139800 3.405623347382061
139900 3.4692150933260564
140000 3.4027220551797654
140100 3.149560866469983
140200 3.062421273381915
140300 3.664998602529522
140400 3.170952682441566
140500 3.46232370951293
140600 3.113248223446135
140700 2.992847282846924
140800 3.0377234879088064
140900 3.1095966010179836
141000 3.1368973484713933
141100 2.8469506775654736
141200 3.4594925668789074
141300 3.3891596509893134
141400 3.4947135620750487
141500 3.433575279006618
141600 3.08200013966416
141700 3.550267819984583
141800 3.222859146320843
141900 3.1704238516977057
142000 3.47901119737071
142100 2.607601928903023
142200 3.2091275984275853
142300 2.9374765099491924
142400 3.481482958231936
142500 3.3696514830517117
142600 3.0096734806265886
142700 2.9938915071834344
142800 3.1584113318949676
142900 4.001681377645582
143000 3.2173474988376256
143100 3.047346562729217
143200 3.4842803945939522
143300 3.554529146902496
143400 3.216505384814809
143500 3.081709014426451
143600 2.682101326812699
143700 4.063938639199478
143800 3.9237289556622272
143900 3.4113112922932487
144000 3.3226916786516085
144100 3.010225385602098
144200 2.3095409980160184
144300 2.646174528828851
144400 3.186202122422401
144500 3.6631083547254093
144600 2.907217103642324
144700 2.6510921524604782
144800 2.799165667121997
144900 3.0730209958273917
145000 2.6886500595137477
145100 3.504383485415019
145200 3.3785877827904187
145300 3.6490714377723634
145400 3.0557900008861907
145500 3.5816533678298583
145600 3.06498440130963
145700 3.473092519911006
145800 2.9303033286414575
145900 3.420935543842006
146000 3.8343405401101336
146100 3.3822106590669136
146200 3.7915776172158075
146300 4.068460202262941
146400 2.8906657647603424
146500 3.3707928595831618
146600 2.9827866705600172
146700 3.356191356491763
146800 2.2962696390168276
146900 3.296338981250301
147000 3.1058211170447976
147100 3.6485368083813228
147200 3.248473548297625
147300 3.691613420654221
147400 4.3824718131218106
147500 2.925465533917304
147600 3.7143593831860926
147700 3.905050477478653
147800 3.155541484418791
147900 3.300415312689438
148000 3.2011052231828216
148100 3.83046057667525
148200 2.9442630200974236
148300 3.6837282104461337
148400 3.5436753470030453
148500 3.5445591673924355
148600 3.5859221068385523
148700 2.9123848240154757
148800 2.7180490653045126
148900 3.6570675568400475
149000 3.3899709201941732
149100 3.296260644448921
149200 3.473400169863453
149300 2.7708994225540664
149400 3.264967901777709
149500 3.0924912453920115
149600 2.910191497488995
149700 3.7349673924036324
149800 3.3948252020782093
149900 2.8003160998523526
150000 3.1332076784892706
150100 3.701583339342278
150200 3.3670600269688293
150300 2.84379640352563
150400 3.1545461429050192
150500 3.5491507111582905
150600 2.8797456347674597
150700 3.532151733947103
150800 3.8900902878376655
150900 3.7454963403288275
151000 3.476541801239364
151100 3.3215148640447296
151200 2.9907752102590166
151300 3.815846096666064
151400 3.8055198221700266
151500 3.757947653750307
151600 2.6153317368007265
151700 3.2023187013692223
151800 3.025517708447296
151900 3.2042537901943433
152000 3.0661794134648517
152100 3.1124590641484247
152200 3.1058737667335663
152300 3.5055848850897746
152400 2.963682082718151
152500 3.2308256333926693
152600 3.421276615350507
152700 2.867906223575119
152800 3.5678623942658305
152900 3.4344769755716698
153000 3.164915208565162
153100 3.1254621806001524
153200 2.7804240223395027
153300 3.691012445202432
153400 4.074192834883547
153500 2.776242511543387
153600 2.533045707270503
153700 3.494199453449255
153800 3.0851524801109917
153900 3.0826719985925592
154000 3.0757016210991424
154100 3.242636973140179
154200 3.404266202589497
154300 3.613041320000775
154400 3.8747815856477246
154500 3.605478723664419
154600 3.4166563026956283
154700 3.09133419925638
154800 2.574232220351405
154900 3.3408390492841136
155000 3.064493412937736
155100 2.940667115006363
155200 2.888643250335008
155300 3.466936382744734
155400 3.4581654561916366
155500 4.001988762465771
155600 4.001200310934109
155700 3.0102216155282804
155800 2.7932619486018666
155900 3.2270954459672794
156000 3.1779727483080933
156100 3.0894807308504824
156200 3.2413635730117676
156300 3.4015945255523548
156400 3.227132916392293
156500 3.2125782864750363
156600 3.0907927767257206
156700 3.4286164724326227
156800 2.774643971803016
156900 2.7704259942197496
157000 3.330613085665391
157100 3.3218142428377178
157200 3.2719467193091987
157300 3.475138488742232
157400 3.0477794831658684
157500 3.0408042092603864
157600 3.2903302534250543
157700 2.590883538068738
157800 3.99417708668625
157900 3.3503881766664563
158000 3.4449653033952927
158100 4.231283041925053
158200 2.9380670673563145
158300 3.0293222830368904
158400 3.3192284163087606
158500 2.9132485950976843
158600 2.448089474666631
158700 3.1524052427012066
158800 3.535947428259533
158900 3.403738139240886
159000 3.0579295129718957
159100 3.605008283513598
159200 3.6198342359275557
159300 3.6141341617767466
159400 3.047910244058585
159500 3.345850365643855
159600 3.2581540563751332
159700 3.1817729675094597
159800 3.095159815857187
159900 2.847975052136462
160000 3.1697506399359554
160100 3.4088379860913847
160200 3.8642104008495153
160300 2.7463999293977395
160400 2.917332737837569
160500 2.98075334681198
160600 2.95639379019849
160700 3.3264516424387693
160800 2.9102305640117265
160900 3.7088646603224333
161000 3.724502927332651
161100 3.4275110192829743
161200 3.664192179174279
161300 3.446316765912343
161400 3.5464175912493374
161500 3.3756819134869147
161600 3.2751100145396776
161700 3.060645190314972
161800 3.74325774677709
161900 2.802197060373146
162000 3.069990795716876
162100 3.606750103790546
162200 3.242014535499038
162300 3.529966700298246
162400 3.103304786141962
162500 3.485898256491055
162600 3.465908097467036
162700 3.0725937645474914
162800 3.5072494448977523
162900 3.4528395572851878
163000 3.273668973270105
163100 3.2019407338812016
163200 3.1259149839170277
163300 2.9441717985318974
163400 3.0531564416887704
163500 3.319658869964769
163600 4.325664866279112
163700 3.438566899509169
163800 3.430545740353409
163900 3.4293950960272923
164000 3.256044692127034
164100 3.494901989819482
164200 3.8020361723174574
164300 3.5486197481804993
164400 3.269003386507393
164500 3.485965901694726
164600 3.7099112145297113
164700 3.3177231649460737
164800 3.3665151688619517
164900 3.898922561755171
165000 3.0793122104187205
165100 3.936707623070106
165200 3.731469653575914
165300 3.511514806343257
165400 2.773924499109853
165500 2.986972913800855
165600 3.369370745989727
165700 3.794360592874
165800 3.599027173098875
165900 3.722505149024073
166000 3.3281676890110248
166100 3.6793850386020495
166200 3.0975765951443464
166300 3.7899353322864044
166400 4.098737805514247
166500 3.336456020195328
166600 3.375914920166906
166700 3.4029033855476882
166800 4.4110871925076935
166900 3.542484007193707
167000 3.2431167583272327
167100 3.004357633442851
167200 2.786209242849509
167300 2.7194225546263624
167400 3.2035479836631566
167500 2.8177487737266347
167600 3.1230896567576565
167700 3.907171715516597
167800 4.1316115971130785
167900 3.7017846259404905
168000 3.6575423914473504
168100 3.351550657302141
168200 3.1316666259081103
168300 3.7315505044534802
168400 2.7525951227071346
168500 3.6424324090767186
168600 3.7388500061351806
168700 3.46222218703042
168800 3.689752082718769
168900 3.5873341795013403
169000 3.7391496479267516
169100 3.4767574856377905
169200 3.732080827699974
169300 3.4179981721099466
169400 3.91266213246854
169500 3.468428437729017
169600 3.05323050559673
169700 3.040470275853295
169800 4.090693721402204
169900 3.9286826144962106
170000 3.233183095260756
170100 3.2771533619379625
170200 3.5935030050495698
170300 2.899374002008699
170400 3.279276593526447
170500 3.9528748580487445
170600 3.469537163095083
170700 2.9495187095890287
170800 3.2712966436956776
170900 3.579330742766615
171000 3.3349683021660894
171100 3.0813365556823555
171200 3.969163978654251
171300 3.3389443911000853
171400 3.4705900348199066
171500 3.2003882992798935
171600 3.398891610908322
171700 3.259184112714138
171800 2.561279677815037
171900 3.714884936081944
172000 3.4300408759954735
172100 3.2338273285713512
172200 3.591265783063136
172300 3.414837953445385
172400 4.1723355947760865
172500 3.13803565048147
172600 3.8898991658243176
172700 2.8632333687564824
172800 3.353709004819393
172900 3.889936259947717
173000 3.4083071118802764
173100 3.7147952253872063
173200 3.074623908083595
173300 3.4974839827918913
173400 3.016253653309832
173500 3.4467226160195423
173600 3.096664726966992
173700 3.422841370012975
173800 4.008814944609185
173900 3.1805607693386264
174000 4.4708944508456625
174100 3.269170752111677
174200 3.563151773356367
174300 3.4229428377002478
174400 3.2571780346916057
174500 3.8950586814125927
174600 3.6689528721617535
174700 3.644359488389455
174800 4.158272543252679
174900 3.9330189131651423
175000 3.3809095826291014
175100 3.407367443192925
175200 3.358120120712556
175300 3.887597168049979
175400 3.4577760728498106
175500 3.9477801410102984
175600 3.704542076040525
175700 3.674912339909497
175800 3.389955014688894
175900 4.043915559886955
176000 4.1697818091270165
176100 3.604729518396198
176200 3.32550862665812
176300 3.280629660730483
176400 3.663454373527202
176500 3.712308860151097
176600 2.693941788515076
176700 3.6478920031368034
176800 4.4002854756545275
176900 3.958170818310464
177000 2.92483971233014
177100 3.391145447792951
177200 3.605063419265207
177300 3.449447756225709
177400 3.316593583294889
177500 3.423553247441305
177600 3.9481748312246054
177700 3.9889175204589264
177800 3.81268219462072
177900 3.5552736034733243
178000 3.515959154945449
178100 3.0356524109083693
178200 3.1248831248667557
178300 3.0774145400318957
178400 2.834613437677035
178500 4.10906143260172
178600 3.2133145395082465
178700 4.613219948325423
178800 3.9570539039123105
178900 3.212301679479424
179000 2.8252755474532023
179100 3.6513700410723686
179200 2.512487180370954
179300 3.5463364383758744
179400 3.766107109360746
179500 3.668494601311977
179600 3.385791273758514
179700 3.9843113612150773
179800 4.019774206040893
179900 3.203315820763237
180000 2.9924663346173475
180100 3.4635813143104315
180200 3.491042805631878
180300 3.2698974299128167
180400 3.555156946182251
180500 3.143069001067488
180600 3.5786164505116176
180700 3.0516365080839023
180800 3.110716820054222
180900 3.9121443925832864
181000 3.35447450686479
181100 3.7766820274991915
181200 2.945025790526415
181300 3.4654425545595586
181400 3.361474953504512
181500 3.243504977557677
181600 2.9456678613732947
181700 3.0304632416227832
181800 4.383436724768217
181900 4.235263731679879
182000 3.6982617551402654
182100 3.380769712413894
182200 3.5258055406666244
182300 3.235710248060059
182400 3.0852414672540363
182500 4.250688664164045
182600 3.780648166080937
182700 3.422691233106889
182800 3.7830835953209316
182900 3.4971510047325864
183000 3.4379516732878983
183100 3.75699103315128
183200 3.504874859301708
183300 4.164089757046895
183400 3.570888317131903
183500 2.7921180176344933
183600 4.188540171337081
183700 3.684016463754233
183800 3.6399490104540746
183900 3.6689250166527927
184000 3.3729443026240915
184100 3.1534584818873554
184200 4.176603797794087
184300 3.420213589881314
184400 3.7651462281428394
184500 3.6272525731110363
184600 3.8990885109524243
184700 3.2691946422564797
184800 3.6806781871709973
184900 3.7415799098671414
185000 4.253927566576749
185100 3.4050806532177376
185200 3.968431781162508
185300 3.0435069123632275
185400 3.5423243878176436
185500 3.6364250940605416
185600 3.258436538395472
185700 3.4317390819524007
185800 3.888191829668358
185900 3.489731592948374
186000 3.2196489393536467
186100 3.5720937438309193
186200 2.990994317075092
186300 3.3602873345371336
186400 3.5666159770044032
186500 4.065963387663942
186600 3.918176407547435
186700 3.2400896801264025
186800 3.454182426628222
186900 3.236526190628865
187000 3.173950643162243
187100 4.80851431901101
187200 3.488847514963709
187300 3.311483738172683
187400 3.4718240938527742
187500 2.925659440254094
187600 3.9791182819753885
187700 3.2760687685222365
187800 3.3844125744872144
187900 4.270959928049706
188000 3.1503680680471007
188100 3.454780746336837
188200 3.3027240942028584
188300 3.8618982782645617
188400 3.7441892138667754
188500 3.347370441784733
188600 2.8857658279739553
188700 3.5123626307031373
188800 3.0301349023357034
188900 3.2917542387876892
189000 4.007080650306307
189100 3.600076832808554
189200 2.921342616660695
189300 3.7020607171434676
189400 3.625944750447161
189500 4.400808691425482
189600 3.8760602276597638
189700 2.9205450765839487
189800 3.4783806288032793
189900 3.708578156788917
190000 3.628479475635686
190100 3.331045702449046
190200 3.0816510615404695
190300 3.303886281384621
190400 3.815493814938236
190500 3.569358538472443
190600 3.889327424345538
190700 2.9364881660258106
190800 3.625064923078753
190900 3.4155351805966347
191000 3.593437142013954
191100 3.466298735613236
191200 3.445118139097758
191300 3.419127409142675
191400 3.2482949453988113
191500 3.4636535119643668
191600 3.0137914285296574
191700 3.7454918093280867
191800 3.3788747563085053
191900 4.209349092969205
192000 3.482429713680176
192100 3.6597670017908968
192200 3.244622776925098
192300 3.5070702686850836
192400 3.2672541608917527
192500 3.554204152300372
192600 3.1793137673084857
192700 3.0653377281851135
192800 3.4198878819006495
192900 4.381665056804195
193000 3.401689402584452
193100 3.684369177764893
193200 3.778701659539365
193300 3.071059917914681
193400 3.3273968115390744
193500 3.561115749995224
193600 3.2198717307728657
193700 3.0350197562001995
193800 3.545818791288184
193900 3.019344128188095
194000 3.0519794041174464
194100 4.044054420955945
194200 3.19950825867636
194300 3.0278402283584
194400 4.4214291247335495
194500 3.9994535406585783
194600 3.5306940026348457
194700 2.8371960216900334
194800 3.792688876106695
194900 3.7886197336410987
195000 4.030490053919493
195100 3.5156737749348395
195200 4.126677129577729
195300 3.5795692671381403
195400 3.218139532051282
195500 3.5251231434522197
195600 3.328139713514247
195700 3.5265827933035325
195800 3.25485901418142
195900 3.3131221661751624
196000 3.472120465557964
196100 3.095676187367644
196200 3.294570924306754
196300 3.7177268080122303
196400 2.701551856383958
196500 3.233219279516561
196600 3.5545483274618164
196700 3.151509585673921
196800 3.889738203404704
196900 3.0915569595672423
197000 3.949185340956319
197100 3.4451279481872916
197200 3.8398896362050436
197300 2.81132804423396
197400 2.707014420098858
197500 3.9140930817229673
197600 4.095289318647701
197700 3.415796003100695
197800 3.664754921977874
197900 3.9253615039633587
198000 3.769807998003671
198100 3.091035380377434
198200 4.348133862920804
198300 3.468007095041685
198400 4.084095446043648
198500 3.222486212995136
198600 3.3610683302540565
198700 3.3354960030992515
198800 3.6738951989391353
198900 3.367550832699635
199000 3.6616874301835196
199100 4.370242181481444
199200 3.7728096846258268
199300 4.358603730914183
199400 3.0652102003241453
199500 2.864379235121305
199600 3.8501583737815963
199700 3.9328686812659726
199800 3.585854392091278
199900 3.4040503586948034

